a+b
    2015       3      18       3      22

L = 2.00
alpha0 (deg) / E (MeV) / j0, sigma (cm2.sr.s.MeV)^-1
                 26.00                   34.00                   42.00                   58.00
       3.6    0.00e+00    0.00e+00    0.00e+00    0.00e+00    0.00e+00    0.00e+00    0.00e+00    0.00e+00
      10.8    1.23e+00    3.37e-01    1.75e-01    1.79e-01    3.18e-01    1.69e-01    1.24e-01    1.26e-01
      18.0    1.88e+00    1.12e+00    8.73e-01    5.21e-01    2.08e-01    1.52e-01    1.44e-01    1.06e-01
      25.2    5.40e+00    4.15e+00    2.40e+00    2.00e+00    3.10e-01    2.71e-01    2.01e-01    1.86e-01
      32.4    1.01e+01    6.44e+00    5.11e+00    3.26e+00    3.74e-01    2.97e-01    2.70e-01    2.15e-01
      39.6    1.34e+01    8.29e+00    6.47e+00    4.29e+00    4.98e-01    3.87e-01    3.44e-01    2.84e-01
      46.8    2.16e+01    9.32e+00    7.05e+00    5.30e+00    7.42e-01    4.87e-01    4.22e-01    3.69e-01
      54.0    4.19e+01    1.21e+01    9.38e+00    5.80e+00    1.20e+00    6.43e-01    5.57e-01    4.47e-01
      61.2    7.61e+01    1.49e+01    8.82e+00    5.81e+00    1.82e+00    7.93e-01    6.10e-01    4.92e-01
      68.4    1.59e+02    2.62e+01    1.25e+01    1.01e+01    4.54e+00    1.83e+00    1.26e+00    1.15e+00
      75.6    2.46e+02    2.91e+01    1.56e+01    8.56e+00    6.83e+00    2.36e+00    1.71e+00    1.28e+00
      82.8    3.03e+02    3.33e+01    2.04e+01    1.09e+01    1.20e+01    3.96e+00    3.15e+00    2.22e+00
      90.0    2.96e+02    3.33e+01    1.54e+01    1.09e+01    2.23e+01    7.44e+00    5.14e+00    4.12e+00
      97.2    3.12e+02    3.73e+01    1.51e+01    1.42e+01    1.23e+01    4.22e+00    2.68e+00    2.58e+00
     104.4    2.51e+02    3.01e+01    1.85e+01    1.06e+01    6.93e+00    2.39e+00    1.90e+00    1.41e+00
     111.6    1.53e+02    2.49e+01    1.31e+01    8.88e+00    4.44e+00    1.76e+00    1.31e+00    1.07e+00
     118.8    7.74e+01    1.49e+01    1.07e+01    6.91e+00    1.84e+00    7.96e-01    6.57e-01    5.34e-01
     126.0    4.14e+01    1.21e+01    9.08e+00    5.99e+00    1.19e+00    6.45e-01    5.55e-01    4.53e-01
     133.2    2.17e+01    9.53e+00    7.20e+00    5.03e+00    7.24e-01    4.80e-01    4.18e-01    3.48e-01
     140.4    1.40e+01    8.35e+00    6.85e+00    4.21e+00    4.90e-01    3.85e-01    3.49e-01    2.70e-01
     147.6    9.89e+00    6.76e+00    5.39e+00    3.37e+00    3.48e-01    2.89e-01    2.59e-01    2.03e-01
     154.8    5.70e+00    3.43e+00    2.74e+00    1.79e+00    3.02e-01    2.30e-01    2.12e-01    1.67e-01
     162.0    2.18e+00    1.25e+00    1.20e+00    5.27e-01    2.06e-01    1.53e-01    1.55e-01    9.32e-02
     169.2    8.24e-01    4.36e-01    1.29e-01    5.06e-02    2.38e-01    1.78e-01    9.15e-02    5.06e-02
     176.4    0.00e+00    0.00e+00    0.00e+00    0.00e+00    0.00e+00    0.00e+00    0.00e+00    0.00e+00

L = 2.10
alpha0 (deg) / E (MeV) / j0, sigma (cm2.sr.s.MeV)^-1
                 26.00                   34.00                   42.00                   58.00
       3.6    0.00e+00    0.00e+00    0.00e+00    0.00e+00    0.00e+00    0.00e+00    0.00e+00    0.00e+00
      10.8    1.26e+00    6.86e-01    3.16e-01    2.00e-01    2.38e-01    1.83e-01    1.20e-01    1.00e-01
      18.0    2.27e+00    1.20e+00    9.30e-01    3.78e-01    2.00e-01    1.46e-01    1.27e-01    7.56e-02
      25.2    4.74e+00    3.16e+00    2.27e+00    1.33e+00    2.13e-01    1.71e-01    1.46e-01    1.15e-01
      32.4    8.55e+00    5.76e+00    4.37e+00    2.20e+00    2.97e-01    2.48e-01    2.13e-01    1.52e-01
      39.6    1.15e+01    6.68e+00    4.53e+00    3.05e+00    3.93e-01    2.98e-01    2.41e-01    2.01e-01
      46.8    1.95e+01    7.10e+00    5.59e+00    3.52e+00    6.08e-01    3.57e-01    3.23e-01    2.51e-01
      54.0    3.46e+01    9.09e+00    5.78e+00    4.51e+00    9.55e-01    4.80e-01    3.87e-01    3.39e-01
      61.2    6.11e+01    1.24e+01    7.40e+00    4.83e+00    1.48e+00    6.56e-01    5.16e-01    4.06e-01
      68.4    1.11e+02    1.90e+01    7.83e+00    5.07e+00    3.21e+00    1.31e+00    8.39e-01    6.78e-01
      75.6    1.59e+02    2.31e+01    1.01e+01    7.72e+00    4.66e+00    1.77e+00    1.17e+00    9.97e-01
      82.8    1.81e+02    2.94e+01    1.56e+01    5.88e+00    8.26e+00    3.42e+00    2.38e+00    1.47e+00
      90.0    2.25e+02    2.68e+01    4.48e+00    2.07e+00    1.76e+01    6.16e+00    2.58e+00    1.47e+00
      97.2    2.02e+02    2.81e+01    7.44e+00    5.64e+00    8.74e+00    3.27e+00    1.62e+00    1.41e+00
     104.4    1.50e+02    2.43e+01    1.35e+01    6.30e+00    4.55e+00    1.81e+00    1.37e+00    9.19e-01
     111.6    1.10e+02    1.65e+01    9.32e+00    6.53e+00    3.19e+00    1.24e+00    9.19e-01    7.81e-01
     118.8    6.41e+01    1.31e+01    8.12e+00    4.53e+00    1.51e+00    6.81e-01    5.29e-01    3.97e-01
     126.0    3.38e+01    9.54e+00    5.55e+00    4.18e+00    9.40e-01    4.92e-01    3.78e-01    3.24e-01
     133.2    1.82e+01    6.98e+00    4.87e+00    3.36e+00    5.82e-01    3.58e-01    2.98e-01    2.47e-01
     140.4    1.18e+01    5.74e+00    4.81e+00    3.01e+00    3.81e-01    2.63e-01    2.42e-01    1.92e-01
     147.6    8.81e+00    5.59e+00    3.98e+00    2.73e+00    2.85e-01    2.28e-01    1.90e-01    1.59e-01
     154.8    4.59e+00    3.15e+00    2.50e+00    1.21e+00    1.95e-01    1.63e-01    1.47e-01    9.75e-02
     162.0    2.35e+00    1.40e+00    9.89e-01    3.62e-01    1.98e-01    1.50e-01    1.29e-01    7.40e-02
     169.2    9.39e-01    3.22e-01    2.62e-01    1.36e-01    1.96e-01    1.14e-01    9.25e-02    7.87e-02
     176.4    0.00e+00    0.00e+00    0.00e+00    0.00e+00    0.00e+00    0.00e+00    0.00e+00    0.00e+00

L = 2.20
alpha0 (deg) / E (MeV) / j0, sigma (cm2.sr.s.MeV)^-1
                 26.00                   34.00                   42.00                   58.00
       3.6    0.00e+00    0.00e+00    0.00e+00    0.00e+00    0.00e+00    0.00e+00    0.00e+00    0.00e+00
      10.8    7.82e-01    3.30e-01    2.95e-01    1.83e-02    1.30e-01    8.83e-02    7.89e-02    1.83e-02
      18.0    1.94e+00    1.15e+00    9.50e-01    2.72e-01    1.39e-01    1.08e-01    1.02e-01    5.55e-02
      25.2    4.16e+00    2.70e+00    1.91e+00    8.07e-01    1.62e-01    1.30e-01    1.08e-01    7.10e-02
      32.4    6.79e+00    3.83e+00    2.87e+00    1.38e+00    2.18e-01    1.59e-01    1.39e-01    1.02e-01
      39.6    9.72e+00    4.81e+00    3.21e+00    2.08e+00    2.97e-01    2.09e-01    1.69e-01    1.37e-01
      46.8    1.51e+01    5.98e+00    4.25e+00    2.56e+00    4.51e-01    2.84e-01    2.40e-01    1.83e-01
      54.0    2.51e+01    6.57e+00    4.50e+00    3.78e+00    6.62e-01    3.36e-01    2.84e-01    2.58e-01
      61.2    4.14e+01    9.60e+00    5.84e+00    4.01e+00    1.01e+00    4.79e-01    3.76e-01    3.14e-01
      68.4    6.47e+01    1.28e+01    6.63e+00    5.37e+00    1.88e+00    8.34e-01    6.00e-01    5.42e-01
      75.6    8.82e+01    1.51e+01    8.14e+00    5.18e+00    2.71e+00    1.10e+00    8.18e-01    6.52e-01
      82.8    1.08e+02    1.59e+01    8.05e+00    6.08e+00    4.78e+00    1.83e+00    1.26e+00    1.11e+00
      90.0    1.18e+02    1.49e+01    9.39e+00    5.30e+00    1.14e+01    3.84e+00    2.97e+00    2.37e+00
      97.2    1.03e+02    1.77e+01    1.13e+01    4.44e+00    4.65e+00    1.90e+00    1.55e+00    9.47e-01
     104.4    8.93e+01    1.43e+01    8.65e+00    5.22e+00    2.74e+00    1.09e+00    8.29e-01    6.48e-01
     111.6    6.63e+01    1.36e+01    7.84e+00    4.30e+00    1.89e+00    8.49e-01    6.36e-01    4.70e-01
     118.8    4.01e+01    9.71e+00    5.29e+00    3.55e+00    9.92e-01    4.85e-01    3.47e-01    2.96e-01
     126.0    2.62e+01    7.28e+00    4.72e+00    3.31e+00    6.75e-01    3.54e-01    2.89e-01    2.37e-01
     133.2    1.50e+01    5.62e+00    3.82e+00    2.57e+00    4.42e-01    2.70e-01    2.18e-01    1.80e-01
     140.4    9.45e+00    4.65e+00    3.72e+00    2.06e+00    2.86e-01    2.01e-01    1.80e-01    1.31e-01
     147.6    6.77e+00    4.28e+00    3.14e+00    1.31e+00    2.08e-01    1.63e-01    1.42e-01    9.14e-02
     154.8    3.88e+00    2.74e+00    1.96e+00    5.96e-01    1.47e-01    1.26e-01    1.07e-01    5.79e-02
     162.0    1.97e+00    1.37e+00    7.34e-01    1.51e-01    1.36e-01    1.17e-01    8.26e-02    3.66e-02
     169.2    7.05e-01    4.76e-01    2.01e-01    5.35e-02    1.07e-01    9.52e-02    5.79e-02    3.09e-02
     176.4    0.00e+00    0.00e+00    0.00e+00    0.00e+00    0.00e+00    0.00e+00    0.00e+00    0.00e+00

L = 2.30
alpha0 (deg) / E (MeV) / j0, sigma (cm2.sr.s.MeV)^-1
                 26.00                   34.00                   42.00                   58.00
       3.6    2.96e-01    5.82e-01    0.00e+00    0.00e+00    2.96e-01    4.12e-01    0.00e+00    0.00e+00
      10.8    6.90e-01    4.51e-01    2.85e-01    4.35e-02    9.31e-02    7.74e-02    5.95e-02    2.17e-02
      18.0    1.54e+00    7.53e-01    5.51e-01    1.26e-01    1.15e-01    7.77e-02    7.17e-02    3.06e-02
      25.2    3.25e+00    2.10e+00    1.21e+00    2.32e-01    1.32e-01    1.06e-01    8.09e-02    3.49e-02
      32.4    5.05e+00    2.83e+00    1.65e+00    5.26e-01    1.54e-01    1.16e-01    8.72e-02    4.80e-02
      39.6    7.33e+00    3.42e+00    2.42e+00    9.09e-01    2.10e-01    1.42e-01    1.19e-01    7.33e-02
      46.8    1.03e+01    3.63e+00    2.95e+00    1.53e+00    2.95e-01    1.74e-01    1.54e-01    1.15e-01
      54.0    1.74e+01    5.15e+00    3.32e+00    2.43e+00    4.39e-01    2.36e-01    1.84e-01    1.63e-01
      61.2    2.45e+01    7.20e+00    4.62e+00    2.84e+00    5.98e-01    3.25e-01    2.56e-01    2.03e-01
      68.4    3.48e+01    8.68e+00    5.41e+00    3.55e+00    9.89e-01    4.90e-01    3.82e-01    3.08e-01
      75.6    4.46e+01    1.09e+01    6.26e+00    4.44e+00    1.39e+00    6.66e-01    5.07e-01    4.29e-01
      82.8    5.14e+01    1.22e+01    7.95e+00    4.69e+00    2.35e+00    1.12e+00    9.12e-01    6.77e-01
      90.0    5.42e+01    1.25e+01    1.13e+01    5.22e+00    6.44e+00    3.04e+00    3.01e+00    1.84e+00
      97.2    5.02e+01    1.15e+01    6.32e+00    5.12e+00    2.37e+00    1.12e+00    8.10e-01    7.46e-01
     104.4    4.62e+01    1.02e+01    6.89e+00    4.52e+00    1.43e+00    6.72e-01    5.36e-01    4.37e-01
     111.6    3.41e+01    8.89e+00    5.10e+00    3.53e+00    9.87e-01    4.92e-01    3.79e-01    3.03e-01
     118.8    2.49e+01    6.68e+00    4.07e+00    3.28e+00    6.03e-01    3.11e-01    2.42e-01    2.17e-01
     126.0    1.61e+01    4.85e+00    3.19e+00    2.03e+00    4.12e-01    2.25e-01    1.79e-01    1.43e-01
     133.2    1.13e+01    3.95e+00    2.69e+00    1.70e+00    3.10e-01    1.82e-01    1.50e-01    1.18e-01
     140.4    6.90e+00    3.42e+00    2.11e+00    9.45e-01    1.97e-01    1.38e-01    1.08e-01    7.61e-02
     147.6    4.79e+00    2.81e+00    2.04e+00    5.65e-01    1.43e-01    1.10e-01    9.61e-02    5.09e-02
     154.8    3.26e+00    1.80e+00    1.13e+00    2.80e-01    1.27e-01    9.45e-02    7.38e-02    3.68e-02
     162.0    1.30e+00    8.60e-01    3.87e-01    9.21e-02    1.01e-01    8.32e-02    5.52e-02    2.66e-02
     169.2    5.62e-01    2.84e-01    1.48e-01    3.78e-02    7.95e-02    5.46e-02    3.81e-02    2.18e-02
     176.4    5.08e-01    0.00e+00    5.85e-01    0.00e+00    5.08e-01    0.00e+00    5.85e-01    0.00e+00

L = 2.40
alpha0 (deg) / E (MeV) / j0, sigma (cm2.sr.s.MeV)^-1
                 26.00                   34.00                   42.00                   58.00
       3.6    8.20e-01    0.00e+00    8.30e-01    0.00e+00    8.20e-01    0.00e+00    8.30e-01    0.00e+00
      10.8    4.75e-01    2.11e-01    5.99e-02    0.00e+00    8.83e-02    6.09e-02    3.00e-02    0.00e+00
      18.0    9.26e-01    4.47e-01    1.79e-01    3.48e-02    1.03e-01    6.82e-02    4.33e-02    2.01e-02
      25.2    1.72e+00    7.00e-01    3.63e-01    1.14e-01    9.83e-02    6.39e-02    4.61e-02    2.49e-02
      32.4    2.67e+00    1.28e+00    6.09e-01    1.58e-01    1.01e-01    7.11e-02    4.82e-02    2.46e-02
      39.6    4.32e+00    1.67e+00    1.06e+00    2.82e-01    1.38e-01    8.45e-02    6.79e-02    3.61e-02
      46.8    6.43e+00    2.48e+00    1.49e+00    5.93e-01    1.97e-01    1.21e-01    9.27e-02    5.93e-02
      54.0    9.33e+00    3.48e+00    2.44e+00    1.39e+00    2.53e-01    1.54e-01    1.29e-01    9.94e-02
      61.2    1.31e+01    4.41e+00    3.01e+00    2.00e+00    3.52e-01    2.01e-01    1.69e-01    1.37e-01
      68.4    1.89e+01    6.24e+00    3.93e+00    2.74e+00    5.61e-01    3.17e-01    2.48e-01    2.07e-01
      75.6    2.22e+01    7.52e+00    4.20e+00    4.06e+00    7.32e-01    4.20e-01    3.08e-01    3.10e-01
      82.8    2.72e+01    7.57e+00    6.06e+00    4.45e+00    1.25e+00    6.44e-01    5.76e-01    4.85e-01
      90.0    1.93e+01    9.52e+00    2.85e+00    4.74e+00    3.01e+00    2.24e+00    1.08e+00    1.67e+00
      97.2    2.64e+01    9.37e+00    5.17e+00    4.14e+00    1.26e+00    7.43e-01    5.28e-01    4.84e-01
     104.4    2.30e+01    7.37e+00    5.02e+00    3.62e+00    7.51e-01    4.14e-01    3.43e-01    2.93e-01
     111.6    1.87e+01    5.61e+00    3.75e+00    2.82e+00    5.53e-01    3.01e-01    2.44e-01    2.17e-01
     118.8    1.29e+01    4.19e+00    2.99e+00    2.13e+00    3.45e-01    1.95e-01    1.67e-01    1.44e-01
     126.0    9.55e+00    3.11e+00    2.30e+00    1.37e+00    2.59e-01    1.46e-01    1.25e-01    1.00e-01
     133.2    6.14e+00    2.74e+00    1.67e+00    7.13e-01    1.89e-01    1.28e-01    9.86e-02    6.53e-02
     140.4    4.15e+00    1.74e+00    1.11e+00    3.35e-01    1.34e-01    8.56e-02    6.86e-02    3.92e-02
     147.6    2.62e+00    1.16e+00    5.68e-01    2.07e-01    1.00e-01    6.66e-02    4.65e-02    2.84e-02
     154.8    1.68e+00    7.31e-01    3.90e-01    5.01e-02    9.56e-02    6.38e-02    4.69e-02    1.67e-02
     162.0    1.04e+00    4.11e-01    1.56e-01    2.88e-02    1.11e-01    6.94e-02    4.50e-02    2.03e-02
     169.2    2.79e-01    2.10e-01    1.85e-01    0.00e+00    6.98e-02    6.05e-02    5.58e-02    0.00e+00
     176.4    4.89e+00    0.00e+00    0.00e+00    0.00e+00    4.89e+00    0.00e+00    0.00e+00    0.00e+00

L = 2.50
alpha0 (deg) / E (MeV) / j0, sigma (cm2.sr.s.MeV)^-1
                 26.00                   34.00                   42.00                   58.00
       3.6    0.00e+00    0.00e+00    0.00e+00    0.00e+00    0.00e+00    0.00e+00    0.00e+00    0.00e+00
      10.8    1.11e-01    1.29e-01    4.01e-02    0.00e+00    4.97e-02    5.26e-02    2.84e-02    0.00e+00
      18.0    2.23e-01    1.29e-01    4.46e-02    0.00e+00    4.07e-02    3.46e-02    1.82e-02    0.00e+00
      25.2    5.37e-01    1.38e-01    3.08e-02    0.00e+00    5.66e-02    2.52e-02    1.16e-02    0.00e+00
      32.4    9.38e-01    2.51e-01    1.48e-01    1.94e-02    6.40e-02    3.16e-02    2.58e-02    9.69e-03
      39.6    1.55e+00    6.72e-01    2.33e-01    6.44e-02    9.53e-02    6.08e-02    3.51e-02    1.94e-02
      46.8    2.95e+00    1.10e+00    4.78e-01    1.87e-01    1.42e-01    8.31e-02    5.49e-02    3.53e-02
      54.0    4.13e+00    1.74e+00    8.19e-01    2.81e-01    1.72e-01    1.11e-01    7.18e-02    4.15e-02
      61.2    6.43e+00    2.90e+00    1.32e+00    9.95e-01    2.46e-01    1.62e-01    1.05e-01    9.81e-02
      68.4    8.74e+00    3.43e+00    2.58e+00    1.66e+00    3.47e-01    2.14e-01    1.87e-01    1.53e-01
      75.6    1.09e+01    4.67e+00    3.73e+00    2.48e+00    4.44e-01    2.89e-01    2.54e-01    2.10e-01
      82.8    1.28e+01    5.84e+00    4.48e+00    2.62e+00    7.22e-01    4.80e-01    4.32e-01    3.20e-01
      90.0    1.44e+01    5.19e+00    4.04e+00    1.61e+00    2.67e+00    1.64e+00    1.53e+00    9.28e-01
      97.2    1.22e+01    5.94e+00    3.41e+00    2.31e+00    7.17e-01    4.98e-01    3.77e-01    3.11e-01
     104.4    1.10e+01    4.44e+00    3.07e+00    2.27e+00    4.45e-01    2.76e-01    2.28e-01    1.97e-01
     111.6    7.97e+00    3.61e+00    2.65e+00    2.07e+00    3.32e-01    2.21e-01    1.92e-01    1.72e-01
     118.8    6.53e+00    2.32e+00    1.40e+00    8.31e-01    2.44e-01    1.43e-01    1.10e-01    8.58e-02
     126.0    4.40e+00    1.64e+00    1.03e+00    2.87e-01    1.80e-01    1.09e-01    8.73e-02    4.47e-02
     133.2    2.82e+00    1.13e+00    5.32e-01    1.45e-01    1.37e-01    8.83e-02    6.06e-02    2.97e-02
     140.4    1.61e+00    6.28e-01    3.78e-01    5.16e-02    9.40e-02    5.78e-02    4.36e-02    1.56e-02
     147.6    9.39e-01    2.37e-01    1.78e-01    9.29e-03    6.46e-02    3.08e-02    2.69e-02    5.36e-03
     154.8    5.33e-01    1.27e-01    5.97e-02    0.00e+00    5.21e-02    2.44e-02    1.72e-02    0.00e+00
     162.0    1.65e-01    7.37e-02    4.54e-02    0.00e+00    3.79e-02    2.46e-02    1.85e-02    0.00e+00
     169.2    1.55e-01    0.00e+00    0.00e+00    0.00e+00    6.93e-02    0.00e+00    0.00e+00    0.00e+00
     176.4    0.00e+00    0.00e+00    0.00e+00    0.00e+00    0.00e+00    0.00e+00    0.00e+00    0.00e+00

L = 2.60
alpha0 (deg) / E (MeV) / j0, sigma (cm2.sr.s.MeV)^-1
                 26.00                   34.00                   42.00                   58.00
       3.6    0.00e+00    0.00e+00    0.00e+00    0.00e+00    0.00e+00    0.00e+00    0.00e+00    0.00e+00
      10.8    9.85e-03    8.80e-03    0.00e+00    0.00e+00    9.85e-03    8.80e-03    0.00e+00    0.00e+00
      18.0    8.33e-02    3.99e-03    0.00e+00    8.13e-03    2.31e-02    3.99e-03    0.00e+00    8.13e-03
      25.2    9.40e-02    5.56e-02    2.19e-02    0.00e+00    3.13e-02    2.78e-02    1.55e-02    0.00e+00
      32.4    1.97e-01    1.45e-02    0.00e+00    0.00e+00    5.09e-02    1.45e-02    0.00e+00    0.00e+00
      39.6    4.21e-01    1.21e-01    1.40e-01    1.65e-02    8.11e-02    4.05e-02    5.73e-02    1.65e-02
      46.8    5.90e-01    5.07e-01    1.27e-01    2.99e-02    1.01e-01    1.27e-01    4.79e-02    2.11e-02
      54.0    1.67e+00    5.98e-01    2.05e-01    3.27e-02    1.75e-01    1.03e-01    5.67e-02    1.89e-02
      61.2    2.48e+00    1.05e+00    5.83e-01    2.33e-01    1.92e-01    1.40e-01    9.99e-02    6.01e-02
      68.4    3.40e+00    1.87e+00    9.41e-01    7.61e-01    2.91e-01    2.22e-01    1.42e-01    1.55e-01
      75.6    4.87e+00    2.78e+00    1.71e+00    1.32e+00    3.72e-01    2.96e-01    2.12e-01    2.03e-01
      82.8    6.92e+00    1.86e+00    2.67e+00    1.38e+00    6.82e-01    3.19e-01    3.93e-01    2.66e-01
      90.0    5.90e+00    4.64e+00    2.17e+00    1.91e+00    2.41e+00    1.90e+00    1.08e+00    9.54e-01
      97.2    5.22e+00    2.89e+00    1.79e+00    1.91e+00    6.03e-01    4.21e-01    3.32e-01    3.48e-01
     104.4    4.67e+00    2.13e+00    1.46e+00    1.29e+00    3.65e-01    2.49e-01    2.09e-01    2.11e-01
     111.6    3.67e+00    2.04e+00    1.33e+00    2.14e-01    3.07e-01    2.35e-01    1.89e-01    5.52e-02
     118.8    2.42e+00    1.16e+00    4.75e-01    1.55e-01    1.97e-01    1.51e-01    7.80e-02    4.13e-02
     126.0    1.27e+00    6.74e-01    2.84e-01    7.82e-02    1.49e-01    1.09e-01    7.32e-02    2.96e-02
     133.2    1.12e+00    2.46e-01    2.36e-01    2.93e-03    1.58e-01    5.80e-02    7.47e-02    2.93e-03
     140.4    3.64e-01    2.34e-02    2.71e-02    0.00e+00    7.13e-02    1.66e-02    2.71e-02    0.00e+00
     147.6    2.96e-01    5.39e-02    5.18e-03    0.00e+00    6.05e-02    2.70e-02    5.18e-03    0.00e+00
     154.8    2.23e-01    5.42e-02    5.05e-03    0.00e+00    6.19e-02    2.71e-02    5.05e-03    0.00e+00
     162.0    4.15e-02    1.70e-02    3.72e-03    0.00e+00    2.07e-02    1.20e-02    3.72e-03    0.00e+00
     169.2    1.98e-02    6.54e-03    0.00e+00    0.00e+00    1.40e-02    6.54e-03    0.00e+00    0.00e+00
     176.4    0.00e+00    0.00e+00    0.00e+00    0.00e+00    0.00e+00    0.00e+00    0.00e+00    0.00e+00

L = 2.70
alpha0 (deg) / E (MeV) / j0, sigma (cm2.sr.s.MeV)^-1
                 26.00                   34.00                   42.00                   58.00
       3.6    0.00e+00    0.00e+00    0.00e+00    0.00e+00    0.00e+00    0.00e+00    0.00e+00    0.00e+00
      10.8    0.00e+00    0.00e+00    0.00e+00    0.00e+00    0.00e+00    0.00e+00    0.00e+00    0.00e+00
      18.0    0.00e+00    0.00e+00    0.00e+00    0.00e+00    0.00e+00    0.00e+00    0.00e+00    0.00e+00
      25.2    2.61e-01    0.00e+00    0.00e+00    0.00e+00    2.61e-01    0.00e+00    0.00e+00    0.00e+00
      32.4    8.98e-02    2.03e-03    0.00e+00    0.00e+00    4.49e-02    2.03e-03    0.00e+00    0.00e+00
      39.6    2.32e-03    4.58e-03    0.00e+00    0.00e+00    2.32e-03    3.24e-03    0.00e+00    0.00e+00
      46.8    1.21e-01    3.58e-02    0.00e+00    0.00e+00    4.29e-02    2.07e-02    0.00e+00    0.00e+00
      54.0    5.09e-01    1.83e-01    1.08e-01    7.39e-03    1.47e-01    1.29e-01    6.25e-02    5.23e-03
      61.2    1.02e+00    5.90e-01    2.52e-01    0.00e+00    2.64e-01    1.86e-01    1.03e-01    0.00e+00
      68.4    9.63e-01    8.15e-01    2.48e-01    8.14e-02    1.97e-01    2.58e-01    1.24e-01    4.70e-02
      75.6    2.48e+00    1.50e+00    7.94e-01    2.09e-01    4.26e-01    3.74e-01    3.00e-01    9.32e-02
      82.8    9.21e-01    1.32e+00    3.24e-01    1.22e-01    2.23e-01    4.40e-01    1.87e-01    7.07e-02
      90.0    6.93e-01    3.34e+00    0.00e+00    0.00e+00    6.93e-01    3.34e+00    0.00e+00    0.00e+00
      97.2    1.14e+00    3.84e-01    3.76e-01    1.34e-02    3.28e-01    1.45e-01    1.68e-01    1.34e-02
     104.4    1.15e+00    2.01e+00    1.07e-01    1.85e-01    2.57e-01    5.03e-01    3.57e-02    8.27e-02
     111.6    1.69e+00    5.25e-01    9.69e-02    7.48e-02    4.11e-01    2.14e-01    6.85e-02    7.48e-02
     118.8    1.46e+00    2.64e-01    7.54e-02    2.65e-02    3.44e-01    1.08e-01    3.08e-02    2.65e-02
     126.0    3.88e-01    6.30e-01    0.00e+00    0.00e+00    1.08e-01    2.57e-01    0.00e+00    0.00e+00
     133.2    1.47e-01    9.91e-02    1.61e-01    0.00e+00    6.56e-02    9.91e-02    1.61e-01    0.00e+00
     140.4    1.08e-01    0.00e+00    0.00e+00    0.00e+00    1.08e-01    0.00e+00    0.00e+00    0.00e+00
     147.6    7.95e-02    0.00e+00    2.05e-03    0.00e+00    4.59e-02    0.00e+00    2.05e-03    0.00e+00
     154.8    8.37e-02    0.00e+00    0.00e+00    0.00e+00    5.92e-02    0.00e+00    0.00e+00    0.00e+00
     162.0    3.62e-03    0.00e+00    0.00e+00    0.00e+00    3.62e-03    0.00e+00    0.00e+00    0.00e+00
     169.2    0.00e+00    0.00e+00    0.00e+00    0.00e+00    0.00e+00    0.00e+00    0.00e+00    0.00e+00
     176.4    0.00e+00    0.00e+00    0.00e+00    0.00e+00    0.00e+00    0.00e+00    0.00e+00    0.00e+00

L = 2.80
alpha0 (deg) / E (MeV) / j0, sigma (cm2.sr.s.MeV)^-1
                 26.00                   34.00                   42.00                   58.00
       3.6    0.00e+00    0.00e+00    0.00e+00    0.00e+00    0.00e+00    0.00e+00    0.00e+00    0.00e+00
      10.8    0.00e+00    0.00e+00    0.00e+00    0.00e+00    0.00e+00    0.00e+00    0.00e+00    0.00e+00
      18.0    1.37e-02    0.00e+00    0.00e+00    0.00e+00    1.37e-02    0.00e+00    0.00e+00    0.00e+00
      25.2    5.46e-03    0.00e+00    0.00e+00    0.00e+00    5.46e-03    0.00e+00    0.00e+00    0.00e+00
      32.4    1.80e-03    0.00e+00    0.00e+00    0.00e+00    1.80e-03    0.00e+00    0.00e+00    0.00e+00
      39.6    0.00e+00    0.00e+00    0.00e+00    0.00e+00    0.00e+00    0.00e+00    0.00e+00    0.00e+00
      46.8    1.09e-02    9.21e-03    0.00e+00    0.00e+00    1.09e-02    9.21e-03    0.00e+00    0.00e+00
      54.0    5.10e-01    4.10e-03    0.00e+00    0.00e+00    2.94e-01    4.10e-03    0.00e+00    0.00e+00
      61.2    5.85e-01    0.00e+00    0.00e+00    0.00e+00    5.85e-01    0.00e+00    0.00e+00    0.00e+00
      68.4    4.84e-02    4.52e-01    0.00e+00    0.00e+00    3.42e-02    4.52e-01    0.00e+00    0.00e+00
      75.6    9.48e-02    0.00e+00    1.02e-02    0.00e+00    5.47e-02    0.00e+00    1.02e-02    0.00e+00
      82.8    3.60e-01    0.00e+00    1.28e-01    0.00e+00    2.55e-01    0.00e+00    7.40e-02    0.00e+00
      90.0    0.00e+00    0.00e+00    0.00e+00    0.00e+00    0.00e+00    0.00e+00    0.00e+00    0.00e+00
      97.2    0.00e+00    0.00e+00    1.95e-02    0.00e+00    0.00e+00    0.00e+00    1.95e-02    0.00e+00
     104.4    6.11e-02    0.00e+00    4.23e-02    0.00e+00    3.52e-02    0.00e+00    2.99e-02    0.00e+00
     111.6    3.85e-01    0.00e+00    9.05e-01    0.00e+00    1.92e-01    0.00e+00    9.05e-01    0.00e+00
     118.8    3.04e-01    0.00e+00    0.00e+00    0.00e+00    2.15e-01    0.00e+00    0.00e+00    0.00e+00
     126.0    0.00e+00    0.00e+00    5.07e-01    0.00e+00    0.00e+00    0.00e+00    5.07e-01    0.00e+00
     133.2    0.00e+00    0.00e+00    0.00e+00    0.00e+00    0.00e+00    0.00e+00    0.00e+00    0.00e+00
     140.4    1.06e-02    0.00e+00    0.00e+00    0.00e+00    7.49e-03    0.00e+00    0.00e+00    0.00e+00
     147.6    2.18e-01    0.00e+00    0.00e+00    0.00e+00    1.54e-01    0.00e+00    0.00e+00    0.00e+00
     154.8    0.00e+00    0.00e+00    0.00e+00    0.00e+00    0.00e+00    0.00e+00    0.00e+00    0.00e+00
     162.0    3.10e-03    0.00e+00    0.00e+00    0.00e+00    3.10e-03    0.00e+00    0.00e+00    0.00e+00
     169.2    0.00e+00    0.00e+00    0.00e+00    0.00e+00    0.00e+00    0.00e+00    0.00e+00    0.00e+00
     176.4    0.00e+00    0.00e+00    0.00e+00    0.00e+00    0.00e+00    0.00e+00    0.00e+00    0.00e+00

L = 2.90
alpha0 (deg) / E (MeV) / j0, sigma (cm2.sr.s.MeV)^-1
                 26.00                   34.00                   42.00                   58.00
       3.6    0.00e+00    0.00e+00    0.00e+00    0.00e+00    0.00e+00    0.00e+00    0.00e+00    0.00e+00
      10.8    0.00e+00    0.00e+00    0.00e+00    0.00e+00    0.00e+00    0.00e+00    0.00e+00    0.00e+00
      18.0    0.00e+00    0.00e+00    0.00e+00    0.00e+00    0.00e+00    0.00e+00    0.00e+00    0.00e+00
      25.2    0.00e+00    0.00e+00    0.00e+00    0.00e+00    0.00e+00    0.00e+00    0.00e+00    0.00e+00
      32.4    0.00e+00    0.00e+00    0.00e+00    0.00e+00    0.00e+00    0.00e+00    0.00e+00    0.00e+00
      39.6    0.00e+00    0.00e+00    0.00e+00    0.00e+00    0.00e+00    0.00e+00    0.00e+00    0.00e+00
      46.8    2.70e-02    0.00e+00    0.00e+00    0.00e+00    2.70e-02    0.00e+00    0.00e+00    0.00e+00
      54.0    0.00e+00    0.00e+00    0.00e+00    0.00e+00    0.00e+00    0.00e+00    0.00e+00    0.00e+00
      61.2    0.00e+00    0.00e+00    0.00e+00    0.00e+00    0.00e+00    0.00e+00    0.00e+00    0.00e+00
      68.4    0.00e+00    0.00e+00    0.00e+00    0.00e+00    0.00e+00    0.00e+00    0.00e+00    0.00e+00
      75.6    0.00e+00    0.00e+00    0.00e+00    0.00e+00    0.00e+00    0.00e+00    0.00e+00    0.00e+00
      82.8    0.00e+00    0.00e+00    0.00e+00    0.00e+00    0.00e+00    0.00e+00    0.00e+00    0.00e+00
      90.0    0.00e+00    0.00e+00    0.00e+00    0.00e+00    0.00e+00    0.00e+00    0.00e+00    0.00e+00
      97.2    0.00e+00    0.00e+00    0.00e+00    0.00e+00    0.00e+00    0.00e+00    0.00e+00    0.00e+00
     104.4    0.00e+00    0.00e+00    0.00e+00    0.00e+00    0.00e+00    0.00e+00    0.00e+00    0.00e+00
     111.6    0.00e+00    0.00e+00    0.00e+00    0.00e+00    0.00e+00    0.00e+00    0.00e+00    0.00e+00
     118.8    2.32e+00    0.00e+00    0.00e+00    0.00e+00    2.32e+00    0.00e+00    0.00e+00    0.00e+00
     126.0    0.00e+00    0.00e+00    0.00e+00    0.00e+00    0.00e+00    0.00e+00    0.00e+00    0.00e+00
     133.2    0.00e+00    0.00e+00    0.00e+00    0.00e+00    0.00e+00    0.00e+00    0.00e+00    0.00e+00
     140.4    0.00e+00    0.00e+00    0.00e+00    0.00e+00    0.00e+00    0.00e+00    0.00e+00    0.00e+00
     147.6    0.00e+00    0.00e+00    0.00e+00    0.00e+00    0.00e+00    0.00e+00    0.00e+00    0.00e+00
     154.8    0.00e+00    0.00e+00    0.00e+00    0.00e+00    0.00e+00    0.00e+00    0.00e+00    0.00e+00
     162.0    0.00e+00    0.00e+00    0.00e+00    0.00e+00    0.00e+00    0.00e+00    0.00e+00    0.00e+00
     169.2    0.00e+00    0.00e+00    0.00e+00    0.00e+00    0.00e+00    0.00e+00    0.00e+00    0.00e+00
     176.4    0.00e+00    0.00e+00    0.00e+00    0.00e+00    0.00e+00    0.00e+00    0.00e+00    0.00e+00

L = 3.00
alpha0 (deg) / E (MeV) / j0, sigma (cm2.sr.s.MeV)^-1
                 26.00                   34.00                   42.00                   58.00
       3.6    0.00e+00    0.00e+00    0.00e+00    0.00e+00    0.00e+00    0.00e+00    0.00e+00    0.00e+00
      10.8    0.00e+00    0.00e+00    0.00e+00    0.00e+00    0.00e+00    0.00e+00    0.00e+00    0.00e+00
      18.0    0.00e+00    0.00e+00    0.00e+00    0.00e+00    0.00e+00    0.00e+00    0.00e+00    0.00e+00
      25.2    0.00e+00    0.00e+00    0.00e+00    0.00e+00    0.00e+00    0.00e+00    0.00e+00    0.00e+00
      32.4    0.00e+00    0.00e+00    0.00e+00    0.00e+00    0.00e+00    0.00e+00    0.00e+00    0.00e+00
      39.6    0.00e+00    0.00e+00    0.00e+00    0.00e+00    0.00e+00    0.00e+00    0.00e+00    0.00e+00
      46.8    0.00e+00    0.00e+00    0.00e+00    0.00e+00    0.00e+00    0.00e+00    0.00e+00    0.00e+00
      54.0    0.00e+00    0.00e+00    0.00e+00    0.00e+00    0.00e+00    0.00e+00    0.00e+00    0.00e+00
      61.2    0.00e+00    0.00e+00    0.00e+00    0.00e+00    0.00e+00    0.00e+00    0.00e+00    0.00e+00
      68.4    0.00e+00    0.00e+00    0.00e+00    0.00e+00    0.00e+00    0.00e+00    0.00e+00    0.00e+00
      75.6    0.00e+00    0.00e+00    0.00e+00    0.00e+00    0.00e+00    0.00e+00    0.00e+00    0.00e+00
      82.8    0.00e+00    0.00e+00    0.00e+00    0.00e+00    0.00e+00    0.00e+00    0.00e+00    0.00e+00
      90.0    0.00e+00    0.00e+00    0.00e+00    0.00e+00    0.00e+00    0.00e+00    0.00e+00    0.00e+00
      97.2    0.00e+00    0.00e+00    0.00e+00    0.00e+00    0.00e+00    0.00e+00    0.00e+00    0.00e+00
     104.4    0.00e+00    0.00e+00    0.00e+00    0.00e+00    0.00e+00    0.00e+00    0.00e+00    0.00e+00
     111.6    0.00e+00    0.00e+00    0.00e+00    0.00e+00    0.00e+00    0.00e+00    0.00e+00    0.00e+00
     118.8    0.00e+00    0.00e+00    0.00e+00    0.00e+00    0.00e+00    0.00e+00    0.00e+00    0.00e+00
     126.0    0.00e+00    0.00e+00    0.00e+00    0.00e+00    0.00e+00    0.00e+00    0.00e+00    0.00e+00
     133.2    0.00e+00    0.00e+00    0.00e+00    0.00e+00    0.00e+00    0.00e+00    0.00e+00    0.00e+00
     140.4    0.00e+00    0.00e+00    0.00e+00    0.00e+00    0.00e+00    0.00e+00    0.00e+00    0.00e+00
     147.6    0.00e+00    0.00e+00    0.00e+00    0.00e+00    0.00e+00    0.00e+00    0.00e+00    0.00e+00
     154.8    0.00e+00    0.00e+00    0.00e+00    0.00e+00    0.00e+00    0.00e+00    0.00e+00    0.00e+00
     162.0    0.00e+00    0.00e+00    0.00e+00    0.00e+00    0.00e+00    0.00e+00    0.00e+00    0.00e+00
     169.2    0.00e+00    0.00e+00    0.00e+00    6.06e-02    0.00e+00    0.00e+00    0.00e+00    6.06e-02
     176.4    0.00e+00    0.00e+00    0.00e+00    0.00e+00    0.00e+00    0.00e+00    0.00e+00    0.00e+00

L = 3.10
alpha0 (deg) / E (MeV) / j0, sigma (cm2.sr.s.MeV)^-1
                 26.00                   34.00                   42.00                   58.00
       3.6    0.00e+00    0.00e+00    0.00e+00    0.00e+00    0.00e+00    0.00e+00    0.00e+00    0.00e+00
      10.8    0.00e+00    0.00e+00    0.00e+00    0.00e+00    0.00e+00    0.00e+00    0.00e+00    0.00e+00
      18.0    0.00e+00    0.00e+00    0.00e+00    0.00e+00    0.00e+00    0.00e+00    0.00e+00    0.00e+00
      25.2    0.00e+00    0.00e+00    0.00e+00    0.00e+00    0.00e+00    0.00e+00    0.00e+00    0.00e+00
      32.4    0.00e+00    0.00e+00    0.00e+00    0.00e+00    0.00e+00    0.00e+00    0.00e+00    0.00e+00
      39.6    0.00e+00    0.00e+00    0.00e+00    0.00e+00    0.00e+00    0.00e+00    0.00e+00    0.00e+00
      46.8    0.00e+00    0.00e+00    0.00e+00    0.00e+00    0.00e+00    0.00e+00    0.00e+00    0.00e+00
      54.0    0.00e+00    0.00e+00    0.00e+00    0.00e+00    0.00e+00    0.00e+00    0.00e+00    0.00e+00
      61.2    0.00e+00    0.00e+00    0.00e+00    0.00e+00    0.00e+00    0.00e+00    0.00e+00    0.00e+00
      68.4    0.00e+00    0.00e+00    0.00e+00    0.00e+00    0.00e+00    0.00e+00    0.00e+00    0.00e+00
      75.6    0.00e+00    0.00e+00    0.00e+00    0.00e+00    0.00e+00    0.00e+00    0.00e+00    0.00e+00
      82.8    0.00e+00    0.00e+00    0.00e+00    0.00e+00    0.00e+00    0.00e+00    0.00e+00    0.00e+00
      90.0    0.00e+00    0.00e+00    0.00e+00    0.00e+00    0.00e+00    0.00e+00    0.00e+00    0.00e+00
      97.2    0.00e+00    0.00e+00    0.00e+00    0.00e+00    0.00e+00    0.00e+00    0.00e+00    0.00e+00
     104.4    0.00e+00    0.00e+00    0.00e+00    0.00e+00    0.00e+00    0.00e+00    0.00e+00    0.00e+00
     111.6    0.00e+00    0.00e+00    0.00e+00    0.00e+00    0.00e+00    0.00e+00    0.00e+00    0.00e+00
     118.8    0.00e+00    0.00e+00    0.00e+00    0.00e+00    0.00e+00    0.00e+00    0.00e+00    0.00e+00
     126.0    0.00e+00    0.00e+00    0.00e+00    0.00e+00    0.00e+00    0.00e+00    0.00e+00    0.00e+00
     133.2    0.00e+00    0.00e+00    0.00e+00    0.00e+00    0.00e+00    0.00e+00    0.00e+00    0.00e+00
     140.4    0.00e+00    0.00e+00    0.00e+00    0.00e+00    0.00e+00    0.00e+00    0.00e+00    0.00e+00
     147.6    0.00e+00    0.00e+00    0.00e+00    0.00e+00    0.00e+00    0.00e+00    0.00e+00    0.00e+00
     154.8    0.00e+00    0.00e+00    0.00e+00    0.00e+00    0.00e+00    0.00e+00    0.00e+00    0.00e+00
     162.0    0.00e+00    0.00e+00    0.00e+00    0.00e+00    0.00e+00    0.00e+00    0.00e+00    0.00e+00
     169.2    0.00e+00    0.00e+00    0.00e+00    0.00e+00    0.00e+00    0.00e+00    0.00e+00    0.00e+00
     176.4    0.00e+00    0.00e+00    0.00e+00    0.00e+00    0.00e+00    0.00e+00    0.00e+00    0.00e+00
